With epochs 10 Predictions: [[     2.6327     0.71607     0.88131 ...     -1.4876      1.9037    -0.36081]
 [      3.817     0.14949   -0.050329 ...     -2.7232      6.4621    -0.67134]
 [    -1.8186       -2.26     0.35042 ...     0.48093      -2.903     -2.9378]
 ...
 [      -3.64      13.355     -2.4661 ...     -5.8118      1.7171      4.1086]
 [  -0.067164      -2.589     0.43106 ...      1.2454     -2.6778     -1.8456]
 [    -3.4253      5.4526    -0.83249 ...     -1.4891     -1.1688      6.4456]] Actual: [2 8 5 ... 1 4 9]  on test with acc: 0.5355897435897435
With epochs 10 Predictions: [[     0.2612     -1.0979     -1.6403 ...    -0.74027      2.7873     0.21924]
 [     1.3305     0.63656    -0.77773 ...     -1.8896      1.9593     0.97164]
 [    0.54801    -0.13787     -1.2114 ...     -1.1179    -0.62796     -1.3711]
 ...
 [     1.7914    0.081998     0.25745 ...    -0.27777     0.43364      1.7261]
 [     1.4623     -1.7455    -0.29987 ...      1.9671     0.81489      1.4639]
 [    0.26361     -1.7067       2.299 ...      2.1951      -1.291      1.0652]] Actual: [2 8 5 ... 1 4 9] on test with acc after DAWN: 0.19415384615384615
With epochs 10 Predictions: [[    -1.5776     -2.6328     0.39443 ...     -3.2285     -1.2285     -2.4694]
 [  -0.085147     -1.2175    -0.34297 ...     -2.6086    -0.63211    -0.74674]
 [    0.50477     -3.2164      -1.418 ...     -2.5161      1.4797     -3.0247]
 ...
 [    -1.2064     -1.3191     -1.3754 ...     0.53362    -0.58267      1.7921]
 [   -0.19405      7.3984     -2.4483 ...     -4.1089      1.9769      1.0173]
 [    -1.3981     -3.0827     -1.4002 ...    -0.79493      -1.046     -3.0585]] Actual: [1 0 4 3 3 2 1 8 1 9 0 0 1 3 3 8 9 8 3 8 6 3 7 9 4 0 2 6 5 4 3 5 1 1 6 1 5 5 9 4 0 7 8 1 6 8 4 9 5 9 3 1 0 3 4 1 3 1 6 4 7 5 2 5 5 3 4 1 9 2 8 2 7 6 4 8 3 5 0 3 0 5 6 4 1 3 9 5 3 7 6 7 4 2 3 8 8 4 9 6 9 6 5 3 8 7 1 0 1 2 2 6 9 1 6 6 9 7 8 8 0 1 8 5 1 4 6 2 7 0 4 8 2 8 1 4 8 9 3 2 5 2 8 8 0 9 5 7 0 1 5 4 3 0 3 9 1 1 7
 1 8 2 7 8 2 4 8 9 6 3 8 3 4 6 5 7 8 1 3 3 1 5 0 9 8 3 9 3 0 1 0 3 1 0 5 1 3 4 7 3 2 9 9 7 3 7 6 3 1 1 6 5 6 6 7 1 0 6 5 1 3 3 3 8 7 2 6 2 4 7 3 1 7 1 0 8 0 1 3 2 7 7 3 6 0 2 6 6 4 4] on watermark with acc: 0.088
